{
  "name":[
    "爱基金网", "好买基金网", "华夏基金", "基金-和讯网", "基金-搜狐", "基金-新浪", "其他", "数米基金网","天天基金网"
  ],
  "value": [
    [2179426,4664,1699,1738,652,851,10733,15262,80819],
    [4664,171596,1733,4306,2120,2591,32575,3424,22912],
    [1699,1733,66713,1374,1086,925,21384,851,7564],
    [1738,4306,1374,122818,3022,3628,29000,1416,27174],
    [652,2120,1086,3022,74207,2864,18143,765,13341],
    [851,2591,925,3628,2864,81399,20283,964,17322],
    [10733,32575,21384,29000,18143,20283,421201,14753,89196],
    [15262,3424,851,1416,765,964,14753,516440,12908],
    [80819,22912,7564,27174,13341,17322,89196,12908,2370332]
  ]
}
